3 3 6
3 4 9
3 5 14
3 6 18
3 7 23
3 8 28
3 9 36
3 10 42
3 11 50
3 12 59
3 13 68
3 14 77
3 15 87 
4 4 18
4 5 25
4 6 41
4 7 61
4 8 84
4 9 115
4 10 149
4 11 191
4 12 238
4 13 291
4 14 349
4 15 417
5 5 48
5 6 87
5 7 143
5 8 216
5 9 316
5 10 442
5 11 630
5 12 847
5 13 1103
5 14 1443
5 15 1833
6 6 165
6 7 298
6 8 495
6 9 780
6 10 1171
6 11 1783
6 12 2550
6 13 3527
6 14 4928
6 15 6615
7 7 540
7 8 1030
7 9 1712
7 10 2776
7 11 4519
7 12 6822
7 13 10018
7 14 14842
7 15 20928
8 8 1866
8 9 3577
8 10 6062
8 11 10298
8 12 16778
8 13 25934
8 14 40141
8 15 59917
9 9 6583
9 10 12644
9 11 22162
9 12 38001
9 13 62764
9 14 100615
9 15 157550
10 10 23328
10 11 45489
10 12 80232
10 13 139768
10 14 236773
10 15 385140
